data_worked/srg_-_out.sfile

/Simulations/0/Tilings/0/Basins/0/Stages/Pilot    protobuf:lm.fflux.io.FFluxStageOutputSummary    426
first_passage_times: [4.91, 270, 1.9e+03, 5.42e+03, 9.46e+03, 1.17e+04, 1.26e+04, 1.29e+04, 1.3e+04, 1.3e+04, 1.3e+04, 1.3e+04, 1.3e+04]
costs: [4.91, 0.151, 1.6, 2.41, 2.71, 2.08, 1.67, 1.23, 0.96, 1, 0.968, 1.22, 1.5]
weights: [4.91, 0.0182, 0.142, 0.351, 0.573, 0.811, 0.925, 0.976, 0.993, 0.998, 1, 1, 1]
edges: [23, 33.6, 44.2, 54.8, 65.3, 75.9, 86.5, 97.1, 108, 118, 129, 139, 150]

/Simulations/0/Tilings/0/Basins/0/Stages/Production    protobuf:lm.fflux.io.FFluxStageOutputSummary    426
first_passage_times: [4.76, 256, 1.82e+03, 5.1e+03, 8.81e+03, 1.08e+04, 1.19e+04, 1.21e+04, 1.21e+04, 1.22e+04, 1.22e+04, 1.22e+04, 1.22e+04]
costs: [4.76, 0.152, 1.59, 2.38, 2.7, 2.02, 1.78, 1.17, 0.989, 1.03, 1.05, 1.31, 1.51]
weights: [4.76, 0.0186, 0.141, 0.356, 0.579, 0.812, 0.909, 0.986, 0.995, 0.998, 0.998, 1, 0.999]
edges: [23, 33.6, 44.2, 54.8, 65.3, 75.9, 86.5, 97.1, 108, 118, 129, 139, 150]

/Simulations/0/Tilings/0/Basins/1/Stages/Pilot    protobuf:lm.fflux.io.FFluxStageOutputSummary    426
first_passage_times: [0.323, 3.81, 9.21, 18.5, 44.2, 111, 343, 1.08e+03, 2.74e+03, 5.65e+03, 7.99e+03, 8.99e+03, 9.16e+03]
costs: [0.323, 0.0343, 0.451, 0.967, 1.76, 2.51, 3.48, 4.28, 4.6, 4.92, 3.96, 2.89, 2.12]
weights: [0.323, 0.0849, 0.413, 0.497, 0.42, 0.397, 0.324, 0.317, 0.396, 0.485, 0.706, 0.889, 0.981]
edges: [150, 139, 129, 118, 108, 97.1, 86.5, 75.9, 65.3, 54.8, 44.2, 33.6, 23]

/Simulations/0/Tilings/0/Basins/1/Stages/Production    protobuf:lm.fflux.io.FFluxStageOutputSummary    426
first_passage_times: [0.308, 3.6, 8.71, 17.4, 40.5, 102, 322, 999, 2.54e+03, 5.25e+03, 7.38e+03, 8.42e+03, 8.58e+03]
costs: [0.308, 0.0341, 0.445, 0.956, 1.76, 2.51, 3.53, 4.28, 4.66, 4.94, 3.94, 3, 2.08]
weights: [0.308, 0.0856, 0.413, 0.502, 0.429, 0.396, 0.318, 0.323, 0.393, 0.484, 0.712, 0.876, 0.982]
edges: [150, 139, 129, 118, 108, 97.1, 86.5, 75.9, 65.3, 54.8, 44.2, 33.6, 23]


